07.05.2018 10:04:39  3 21 1
 34 46 3 26 24 31 4 18 21 56 16 50 36 15 42 9 55 51 22 57 12 33 29 37 43 6 39 25 35 44 . . . . . . . . . . . . . . . . . . . . . . . . . . . . . . 23 27 38 8 19 20 58 48 49 1 40 45 7 54 52 59 53 17 47 28 30 13 41 10 60 5 32 11 2 14 . . . . . . . . . . . . . . . . . . . . . . . . . . . . . .
 58 56 4 15 18 75 8 22 66 46 38 37 3 59 52 63 47 48 42 74 . . . . . . . . . . 44 51 9 36 65 35 73 34 45 62 80 16 54 25 70 71 26 78 29 31 . . . . . . . . . . 23 76 69 11 57 64 32 17 6 50 60 28 10 40 13 12 41 77 67 27 . . . . . . . . . . 24 5 1 79 7 2 21 14 68 19 30 33 61 20 55 72 43 39 53 49 . . . . . . . . . .
 50 50 1 50 50 50 50 50 50 50 0 -28 50 -22 -17 1 -50 -50 -50 -50 . . . . . . . . . . -4 9 -8 -41 8 50 50 50 50 26 -7 50 -14 -1 -13 -50 -50 -50 -7 -50 . . . . . . . . . . 12 -10 6 4 -16 50 50 50 50 50 -11 -50 50 9 -1 -50 -12 -50 -50 -50 . . . . . . . . . . 2 -50 -50 -9 0 50 -22 50 50 50 4 -20 -9 -40 -30 -50 -50 -50 -50 -50 . . . . . . . . . .
 1 1 1 1 1 1 1 1 1 1 . 0 1 0 0 1 0 0 0 0 . . . . . . . . . . 0 1 0 0 1 1 1 1 1 1 0 1 0 0 0 0 0 0 0 0 . . . . . . . . . . 0 1 0 0 1 0 0 0 0 0 1 1 0 0 1 1 1 1 1 1 . . . . . . . . . . 0 1 1 1 . 0 1 0 0 0 0 1 1 1 1 1 1 1 1 1 . . . . . . . . . .
 5754 4554 16861 7300 4595 7091 11366 8777 5232 8103 5991 5590 4955 8535 4445 12506 8384 7439 9780 8414 . . . . . . . . . . 6988 6726 13807 9001 5257 21574 4649 8863 9275 6622 5759 8602 6537 6761 7736 7228 9292 7478 6146 7132 . . . . . . . . . . 5047 8456 4250 7833 11489 8025 4594 6590 14665 6471 14208 7683 7162 15964 11563 14882 5050 6652 9677 9439 . . . . . . . . . . 6863 36059 25124 4335 13327 17825 12452 14805 5959 6504 9886 21178 7895 7042 6335 7624 7986 7663 12911 8366 . . . . . . . . . .

 . . 39 44 55 . . 22 42 . . . 16 57 . . . 37 . 3 31 . . 51 9 . 56 21 29 36 . 24 46 33 25 . . 34 4 . . 6 . 43 26 . 12 . . . 18 . . . . 15 . 35 . 50 2 60 48 . . . 27 . . 45 . . 47 17 . 8 . 59 . . . . . 30 38 . . 41 . . 52 7 10 5 49 20 . 23 . 58 11 . 1 . . 13 28 . 54 32 53 . . . . . 40 19 14 .
 44 35 . . 47 . . 42 52 70 80 73 38 74 51 . 25 . 9 4 75 45 . 48 63 34 46 66 . 3 . 18 56 . . . . 58 8 16 36 . 26 . 15 31 . . 78 29 22 . 62 . 54 59 71 . 65 37 . . 17 . 7 19 76 79 . 28 20 . 67 77 1 11 30 12 2 68 24 55 43 . 69 49 39 . . 53 13 10 . . 6 64 61 23 21 32 . . 50 . 33 . 27 . 40 . 41 5 . 72 14 . 60 57 . .
 -4 50 . . -50 . . -50 -17 -13 -7 50 0 -50 9 . -1 . -8 1 50 50 . -50 1 50 50 50 . 50 . 50 50 . . . . 50 50 50 -41 . -50 . 50 -50 . . -50 -7 50 . 26 . -14 -22 -50 . 8 -28 . . 50 . 0 50 -10 -9 . -50 -40 . -50 -50 -50 4 4 -50 50 50 2 -30 -50 . 6 -50 -50 . . -50 -1 50 . . 50 50 -9 12 -22 50 . . 50 . -20 . -50 . 9 . -12 -50 . -50 50 . -11 -16 . .
 0 1 . . 0 . . 0 0 0 0 1 . 0 1 . 0 . 0 1 1 1 . 0 1 1 1 1 . 1 . 1 1 . . . . 1 1 1 0 . 0 . 1 0 . . 0 0 1 . 1 . 0 0 0 . 1 0 . . 0 . . 0 1 1 . 1 1 . 1 1 1 0 0 1 0 0 0 1 1 . 0 1 1 . . 1 1 0 . . 0 0 1 0 1 0 . . 0 . 1 . 1 . 0 . 1 1 . 1 0 . 1 1 . .
 6988 21574 . . 8384 . . 9780 4445 7736 5759 4649 5991 8414 6726 . 6761 . 13807 16861 7091 9275 . 7439 12506 8863 8103 5232 . 4955 . 4595 4554 . . . . 5754 11366 8602 9001 . 9292 . 7300 7132 . . 7478 6146 8777 . 6622 . 6537 8535 7228 . 5257 5590 . . 6590 . 13327 6504 8456 4335 . 7683 7042 . 9677 6652 25124 7833 9886 14882 17825 5959 6863 6335 7986 . 4250 8366 7663 . . 12911 11563 7162 . . 14665 8025 7895 5047 12452 4594 . . 6471 . 21178 . 9439 . 15964 . 5050 36059 . 7624 14805 . 14208 11489 . .
50r 100r  . .100w  . .100w 50w 50w 50w 100r 50w 100w 50r  .50w  .50r 50r 100r 100r  .100w 100w 100r 100r 100r  .50w  .50r 50r  . . . .50r 100r 50w 50r  .100w  .50r 100w  . .100w 100w 100r  .100r  .50w 50w 100w  .50r 50w  . .100r  .50r 100r 50r 50r  .50w 50w  .100w 100w 50r 50r 50w 100w 100r 100r 50r 50w 100w  .50r 100w 100w  . .100w 50w 50w  . .100r 100r 50w 50r 100r 100r  . .100r  .50w  .100w  .50w  .100w 50r  .100w 100r  .50w 50r  . .

07.05.2018 11:22:40  7 21 1
 41 10 13 5 47 2 32 11 57 34 3 14 46 26 4 24 31 55 18 21 50 36 16 56 9 42 15 51 58 22 . . . . . . . . . . . . . . . . . . . . . . . . . . . . . . 12 33 29 6 37 39 43 25 35 44 38 8 23 27 54 19 20 1 48 45 40 7 49 59 52 60 53 30 28 17 . . . . . . . . . . . . . . . . . . . . . . . . . . . . . .
 68 38 28 33 3 59 13 26 43 78 53 49 44 79 56 1 57 66 21 64 . . . . . . . . . . 6 50 16 25 54 52 55 47 48 29 27 24 74 9 4 69 35 22 32 14 . . . . . . . . . . 70 37 62 61 40 73 63 72 75 42 31 23 51 15 18 65 7 8 34 45 . . . . . . . . . . 19 30 60 10 20 71 12 41 39 67 77 58 36 5 11 76 80 2 17 46 . . . . . . . . . .
 24 50 25 -25 50 45 50 42 38 31 21 -45 -29 -35 24 50 -23 -24 -29 -21 . . . . . . . . . . -21 17 49 32 -28 23 33 -25 33 -16 -25 23 -27 -25 20 -25 -26 -31 -38 -22 . . . . . . . . . . 31 39 -18 21 45 -25 31 28 26 50 -27 -34 13 26 -21 -34 -31 47 25 -25 . . . . . . . . . . 18 34 19 -21 29 25 28 -23 34 -16 20 20 24 -26 -24 -33 13 -37 -29 34 . . . . . . . . . .
 1 1 1 0 1 1 1 1 1 1 1 0 0 0 1 1 0 0 0 0 . . . . . . . . . . 0 1 1 1 0 1 1 0 1 0 0 1 0 0 1 0 0 0 0 0 . . . . . . . . . . 0 0 1 0 0 1 0 0 0 0 1 1 0 0 1 1 1 0 0 1 . . . . . . . . . . 0 0 0 1 0 0 0 1 0 1 0 0 0 1 1 1 0 1 1 0 . . . . . . . . . .
 3910 3905 14102 6239 15772 2822 7481 6202 6443 3814 3797 3558 9545 3420 2393 8890 2977 3288 6309 6140 . . . . . . . . . . 8967 3916 4563 4554 5294 5051 5725 6321 3347 8804 5487 7798 3051 4463 10078 4303 7726 4270 4772 6531 . . . . . . . . . . 6621 6675 4381 5744 3448 2848 4742 3766 4452 31431 2982 4024 3529 4712 10872 2745 16422 4572 6831 7958 . . . . . . . . . . 4130 4335 5360 5944 5241 2581 11153 6397 4472 4312 5810 5620 3879 9899 7691 4607 8006 15096 8959 4592 . . . . . . . . . .

 . . 26 58 . 14 . . 15 . 22 31 . . 18 4 . . 3 . 21 . . . 56 . 13 2 . . 55 24 . 34 57 16 46 47 51 10 36 . . . 32 41 . 42 . . 9 5 . 50 . . . 11 . . . . 17 37 38 . 28 . 52 25 . . . 33 . . . 8 . 48 . 1 6 . 19 . . . . . 40 29 . 49 . . 59 60 54 23 . 35 . 39 12 30 . 43 . 44 . 7 . 45 53 . 27 20 . .
 74 . 79 . 54 49 6 69 . 52 . 57 . . 21 56 27 4 53 55 64 50 . 16 . 48 28 59 9 . 66 1 47 78 43 . 44 3 . 38 . . . . 13 68 25 . 24 . . 33 35 . 14 32 22 26 . 29 41 . . 40 31 . . . . 72 20 67 10 37 . 5 80 23 11 34 60 8 61 77 65 71 39 19 46 2 . 62 . . . 17 . . 18 51 . 75 12 73 70 . 36 63 . 42 58 . . 45 . . 15 7 30 76
 -27 . -35 . -28 -45 -21 -25 . 23 . -23 . . -29 24 -25 20 21 33 -21 17 . 49 . 33 25 45 -25 . -24 50 -25 31 38 . -29 50 . 50 . . . . 50 24 32 . 23 . . -25 -26 . -22 -38 -31 42 . -16 -23 . . 45 -27 . . . . 28 29 -16 -21 39 . -26 13 -34 -24 25 19 47 21 20 -34 25 34 18 34 -37 . -18 . . . -29 . . -21 13 . 26 28 -25 31 . 24 31 . 50 20 . . -25 . . 26 -31 34 -33
 0 . 0 . 0 0 0 0 . 1 . 0 . . 0 1 0 1 1 1 0 1 . 1 . 1 1 1 0 . 0 1 0 1 1 . 0 1 . 1 . . . . 1 1 1 . 1 . . 0 0 . 0 0 0 1 . 0 1 . . 0 1 . . . . 0 0 1 1 0 . 1 0 1 1 0 0 0 0 0 1 0 0 0 0 1 . 1 . . . 1 . . 1 0 . 0 0 1 0 . 0 0 . 0 0 . . 1 . . 0 1 0 1
 3051 . 3420 . 5294 3558 8967 4303 . 5051 . 2977 . . 6309 2393 5487 10078 3797 5725 6140 3916 . 4563 . 3347 14102 2822 4463 . 3288 8890 6321 3814 6443 . 9545 15772 . 3905 . . . . 7481 3910 4554 . 7798 . . 6239 7726 . 6531 4772 4270 6202 . 8804 6397 . . 3448 2982 . . . . 3766 5241 4312 5944 6675 . 9899 8006 4024 7691 6831 5360 4572 5744 5810 2745 2581 4472 4130 4592 15096 . 4381 . . . 8959 . . 10872 3529 . 4452 11153 2848 6621 . 3879 4742 . 31431 5620 . . 7958 . . 4712 16422 4335 4607
50w  .50w  .50r 50w 50r 100w  .100r  .100w  . .100w 50w 50w 50w 50w 100r 100w 50r  .50r  .100r 50r 100r 50w  .100w 100w 100r 100r 100r  .50w 50r  .50r  . . . .100r 50r 50r  .50w  . .50r 100w  .100w 100w 100w 100r  .100r 100r  . .50r 50w  . . . .100r 50r 100r 50r 50r  .50w 100w 50w 50w 100w 50r 100w 50r 50w 100w 100r 100r 50r 100w 100w  .50r  . . .100w  . .50w 50w  .100r 100r 100r 50r  .50w 100r  .100r 50w  . .100w  . .50w 100w 50r 100w 

07.05.2018 11:58:45  10 22 1
 11 2 32 14 46 34 3 26 24 31 4 56 18 21 55 16 50 36 9 15 42 57 51 22 12 58 33 29 6 37 . . . . . . . . . . . . . . . . . . . . . . . . . . . . . . 43 39 25 35 44 23 8 27 20 19 38 48 1 49 45 7 40 54 59 52 53 60 17 30 28 13 10 47 5 41 . . . . . . . . . . . . . . . . . . . . . . . . . . . . . .
 55 41 48 29 27 23 58 56 15 18 57 21 32 14 38 71 28 25 3 59 . . . . . . . . . . 26 47 39 67 79 24 65 9 73 75 7 8 72 45 6 37 16 61 54 52 . . . . . . . . . . 12 43 76 80 53 49 36 5 11 64 66 2 17 46 62 30 60 40 20 78 . . . . . . . . . . 77 74 42 31 69 44 51 4 1 35 22 34 68 70 19 50 33 10 63 13 . . . . . . . . . .
 -29 30 7 36 -16 -16 -21 -50 50 50 50 32 50 19 -24 19 -29 50 30 -31 . . . . . . . . . . 40 -15 21 -27 -27 50 50 50 33 50 -15 50 -25 -21 -50 -50 -50 30 50 -23 . . . . . . . . . . 35 -10 50 -31 -28 -50 -50 32 -3 50 -29 -29 -20 29 34 -50 50 -50 -28 -26 . . . . . . . . . . 50 31 -33 50 50 50 50 36 -28 50 25 -17 50 -19 -50 41 -50 -50 -24 -50 . . . . . . . . . .
 0 1 1 1 0 0 0 0 1 1 1 1 1 1 0 1 0 1 1 0 . . . . . . . . . . 1 0 1 0 0 1 1 1 1 1 0 1 0 0 0 0 0 1 1 0 . . . . . . . . . . 0 1 0 1 1 1 1 0 1 0 1 1 1 0 0 1 0 1 1 1 . . . . . . . . . . 0 0 1 0 0 0 0 0 1 0 0 1 0 1 1 0 1 1 1 1 . . . . . . . . . .
 5997 8684 4649 5917 6121 7293 5728 7220 4691 5912 5310 9075 7569 5384 4982 5435 4630 11231 8464 6654 . . . . . . . . . . 6490 4976 6613 7048 10258 12210 5905 5401 4466 6368 8734 6843 9017 13975 9050 6776 8118 6376 9690 5784 . . . . . . . . . . 5337 8965 6048 8817 7585 8390 7376 7165 7723 4666 5583 9221 7194 7154 8199 8060 11341 5885 8009 6009 . . . . . . . . . . 7199 6590 10377 7319 5090 5647 5535 10169 25946 7464 8849 5329 6776 9592 6469 6766 5232 19127 5147 9322 . . . . . . . . . .

 6 56 . . 33 . 50 37 . . 55 9 . . 4 . 15 . . . 22 32 . 34 . . 36 16 51 24 31 . 18 46 2 29 57 . . . 11 3 . 58 . . 14 12 . 42 . . . 26 . . . . 21 . . 5 . 28 27 . . . 39 . . 48 . . 59 54 . 35 . 7 . . . . . 53 25 . 17 . . 30 45 1 13 . 20 . 23 43 . 47 8 . 19 . 60 . 52 10 49 40 . . . . . 41 38 44
 . 21 79 26 . 37 28 . 24 . 38 3 . 7 57 6 59 47 65 . . 48 39 23 45 73 25 71 . 15 18 . 32 27 41 . . 9 . . 55 58 . . 67 8 29 . . . 16 52 54 56 61 . 75 72 14 . . . . . 5 69 35 31 43 . 70 2 19 22 20 40 42 80 1 30 44 77 33 13 10 . 76 . . . 63 . 62 17 . 68 11 51 49 12 . . 36 . 64 34 . . 78 . 46 60 74 . 50 4 . . 66 53
 . 32 -27 40 . -50 -29 . 50 . -24 30 . -15 50 -50 -31 -15 50 . . 7 21 -16 -21 33 50 19 . 50 50 . 50 -16 30 . . 50 . . -29 -21 . . -27 50 36 . . . -50 -23 50 -50 30 . 50 -25 19 . . . . . 32 50 50 50 -10 . -19 -29 -50 25 -28 -50 -33 -31 -28 -50 50 50 -50 -50 -50 . 50 . . . -24 . 34 -20 . 50 -3 50 -50 35 . . -50 . 50 -17 . . -26 . 29 50 31 . 41 36 . . -29 -28
 . 1 0 1 . 0 0 . 1 . 0 1 . 0 1 0 0 0 1 . . 1 1 0 0 1 1 1 . 1 1 . 1 0 1 . . 1 . . 0 0 . . 0 1 1 . . . 0 0 1 0 1 . 1 0 1 . . . . . 0 0 0 0 1 . 1 1 1 0 1 1 1 1 1 1 0 0 1 1 1 . 0 . . . 1 . 0 1 . 0 1 0 1 0 . . 1 . 0 1 . . 1 . 0 0 0 . 0 0 . . 1 1
 . 9075 10258 6490 . 6776 4630 . 12210 . 4982 8464 . 8734 5310 9050 6654 4976 5905 . . 4649 6613 7293 13975 4466 11231 5435 . 4691 5912 . 7569 6121 8684 . . 5401 . . 5997 5728 . . 7048 6843 5917 . . . 8118 5784 9690 7220 6376 . 6368 9017 5384 . . . . . 7165 5090 7464 7319 8965 . 9592 9221 6469 8849 8009 5885 10377 8817 25946 8060 5647 7199 5232 9322 19127 . 6048 . . . 5147 . 8199 7194 . 6776 7723 5535 8390 5337 . . 7376 . 4666 5329 . . 6009 . 7154 11341 6590 . 6766 10169 . . 5583 7585
 .50w 50r 50r  .100w 100w  .100r  .50w 100w  .50w 50w 50w 100w 50r 100r  . .50r 50r 100r 50w 100r 100w 100w  .100r 100r  .50w 50r 50r  . .100r  . .50r 100r  . .50r 50w 50r  . . .100w 100w 100w 100r 100w  .100r 50w 50w  . . . . .100r 50r 100r 50r 50r  .50w 50w 50w 50w 100w 100w 50r 50r 100r 100w 100r 50r 100w 100w 100w  .50r  . . .100w  .50w 50w  .50w 100r 100r 100r 50r  . .100r  .100r 50w  . .100w  .50w 100w 50r  .100w 100r  . .50w 50r 

07.05.2018 12:18:13  14 22 1
 2 32 14 34 46 3 26 24 31 4 18 21 56 50 16 36 55 15 9 42 57 22 51 12 33 29 43 6 37 39 . . . . . . . . . . . . . . . . . . . . . . . . . . . . . . 25 58 35 23 27 8 44 19 20 38 48 1 49 45 40 7 54 59 52 53 60 17 28 30 13 47 10 41 5 11 . . . . . . . . . . . . . . . . . . . . . . . . . . . . . .
 52 13 41 48 29 31 44 58 65 15 1 57 22 2 17 38 19 28 40 54 . . . . . . . . . . 59 74 47 39 76 27 23 51 73 4 18 66 21 71 68 62 37 61 25 3 . . . . . . . . . . 55 26 43 42 80 75 24 36 9 11 64 7 8 46 14 6 30 16 60 63 . . . . . . . . . . 77 12 78 67 53 49 69 56 5 79 35 34 32 45 70 50 72 33 10 20 . . . . . . . . . .
 50 35 -5 -5 5 -5 -10 5 10 15 15 -10 -15 30 5 -20 15 5 10 -5 . . . . . . . . . . -40 10 5 -10 -5 10 10 -10 5 -15 45 -10 15 -5 5 -5 -10 5 5 -10 . . . . . . . . . . -5 5 -5 30 10 45 5 -10 -10 -10 15 -15 5 -5 10 10 -30 -10 5 -5 . . . . . . . . . . -5 10 30 -30 10 5 -10 -5 -30 15 -20 5 5 -5 5 -5 10 -10 -10 15 . . . . . . . . . .
 1 1 0 0 1 0 0 1 1 1 1 0 0 1 1 0 1 1 1 0 . . . . . . . . . . 0 1 1 0 0 1 1 0 1 0 1 0 1 0 1 0 0 1 1 0 . . . . . . . . . . 1 0 1 0 0 0 0 1 1 1 0 1 0 1 0 0 1 1 0 1 . . . . . . . . . . 1 0 0 1 0 0 1 1 1 0 1 0 0 1 0 1 0 1 1 0 . . . . . . . . . .
 9956 19026 8031 15669 11735 19760 9145 16609 8114 13172 24307 7230 11050 15196 13689 8056 8714 12258 6307 6098 . . . . . . . . . . 12752 22429 12223 8786 10334 10418 18978 12648 16950 15905 16808 8184 9425 13199 7028 6047 8069 7609 12692 26623 . . . . . . . . . . 9162 12032 7007 7567 8307 10677 7824 13780 18646 17361 8030 15679 14716 11851 19434 26149 16578 12520 9968 6283 . . . . . . . . . . 7900 12060 13575 10116 7560 15166 5821 5681 24388 15545 13091 14505 25654 7765 7800 9276 8999 16512 23906 8588 . . . . . . . . . .

 21 . . . 43 39 55 . . 9 16 . . 18 . . 42 . . 12 14 . 3 . . 15 36 . 4 31 51 56 46 . 32 6 22 . . 2 26 . . 29 . . 34 33 57 . . . 24 . . . . . 50 37 . 5 13 19 . . . . 58 . 1 . . 52 . 59 . 23 7 . . . . . 60 35 . . 28 . . 30 49 40 47 . 20 8 . 25 41 44 . . 38 . 17 53 . 10 45 54 . . . . . 48 27 11
 57 76 59 . . . 19 27 . 40 17 . 18 1 68 74 54 23 . . 41 47 31 71 73 28 38 . 15 65 . 22 29 51 13 . . . . 52 44 . 39 . 66 37 48 . . 3 25 61 58 . . 4 21 62 2 . . . . 36 . 53 79 67 26 . 7 45 70 60 78 16 35 42 6 49 5 77 72 20 . 43 33 . . . 10 . 8 14 . 32 9 75 69 55 . 24 . 34 11 . . 63 . . 46 30 12 50 . 56 . 64 80 .
 -10 -5 -40 . . . 15 10 . 10 5 . 45 15 5 10 -5 10 . . -5 5 -5 -5 5 5 -20 . 15 10 . -15 5 -10 35 . . . . 50 -10 . -10 . -10 -10 -5 . . -10 5 5 5 . . -15 15 -5 30 . . . . -10 . 10 15 -30 5 . -15 -5 5 5 30 -10 -20 30 10 5 -30 -5 10 15 . -5 -10 . . . -10 . 5 10 . 5 -10 45 -10 -5 . 5 . 5 -10 . . -5 . . -5 -30 10 -5 . -5 . 15 10 .
 0 0 0 . . . 1 1 . 1 1 . 1 1 1 1 0 1 . . 0 1 0 0 1 1 0 . 1 1 . 0 1 0 1 . . . . 1 0 . 0 . 0 0 0 . . 0 1 1 1 . . 0 1 0 1 . . . . 1 . 0 0 1 0 . 1 1 0 0 0 1 1 0 0 0 1 1 0 0 . 1 1 . . . 1 . 0 0 . 0 1 0 1 1 . 0 . 0 1 . . 1 . . 1 1 0 1 . 1 . 0 0 .
 7230 10334 12752 . . . 8714 10418 . 6307 13689 . 16808 24307 7028 22429 6098 18978 . . 8031 12223 19760 13199 16950 12258 8056 . 13172 8114 . 11050 11735 12648 19026 . . . . 9956 9145 . 8786 . 8184 8069 15669 . . 26623 12692 7609 16609 . . 15905 9425 6047 15196 . . . . 13780 . 7560 15545 10116 12032 . 15679 7765 7800 9968 13575 12520 13091 7567 26149 15166 24388 7900 8999 8588 . 7007 16512 . . . 23906 . 14716 19434 . 25654 18646 10677 5821 9162 . 7824 . 14505 17361 . . 6283 . . 11851 16578 12060 9276 . 5681 . 8030 8307 .
50w 50r 50r  . . .100w 100r  .100w 50w  .50w 50w 50w 50r 100w 100r  . .50r 50r 100r 50w 100r 100w 100w  .100r 100r  .50w 50r 100r 50r  . . . .50r 100r  .50r  .50w 100w 50r  . .100w 100w 100w 100r  . .100r 50w 100w 50w  . . . .100r  .50r 100r 50r 50r  .50w 50w 50w 100w 50r 100w 50w 50r 100w 100r 100r 50r 100w 100w  .50r 100w  . . .100w  .50w 50w  .50w 100r 100r 100r 50r  .100r  .50w 100r  . .100w  . .50w 100w 50r 100w  .100r  .50w 50r  .

07.05.2018 13:00:47  17 23 1
 10 5 41 32 2 11 47 34 14 3 46 26 4 24 31 57 18 21 55 16 36 50 9 42 15 56 51 22 12 33 . . . . . . . . . . . . . . . . . . . . . . . . . . . . . . 29 58 6 37 39 25 35 43 27 23 8 38 20 19 44 1 54 48 40 7 45 49 59 52 60 30 28 17 53 13 . . . . . . . . . . . . . . . . . . . . . . . . . . . . . .
 43 42 76 79 44 36 9 1 57 66 8 17 46 19 30 33 10 20 13 12 . . . . . . . . . . 48 29 31 49 58 56 4 11 35 22 34 14 62 70 28 61 3 59 55 26 . . . . . . . . . . 74 67 27 23 69 15 65 78 7 21 32 68 6 50 16 25 40 71 72 47 . . . . . . . . . . 39 80 53 24 51 5 18 73 64 2 75 45 38 37 60 63 54 52 77 41 . . . . . . . . . .
 42 43 48 28 45 46 35 50 9 23 -31 50 27 -28 -43 -50 50 24 -50 24 . . . . . . . . . . -50 50 18 26 -34 50 48 -21 48 48 12 -22 -47 -48 -23 -50 -42 -43 -50 -50 . . . . . . . . . . 12 15 24 24 -50 50 11 21 50 27 -50 7 14 -47 -14 -25 26 26 -32 -50 . . . . . . . . . . -33 -23 -41 20 -50 47 8 41 28 41 -50 50 22 44 31 -40 -50 -50 -34 -50 . . . . . . . . . .
 1 1 1 1 1 1 1 1 1 1 0 1 1 0 0 0 1 1 0 1 . . . . . . . . . . 0 1 1 1 0 1 1 0 1 1 1 0 0 0 0 0 0 0 0 0 . . . . . . . . . . 0 0 0 0 1 0 0 0 0 0 1 0 0 1 1 1 0 0 1 1 . . . . . . . . . . 1 1 1 0 1 0 0 0 0 0 1 0 0 0 0 1 1 1 1 1 . . . . . . . . . .
 8270 8804 7192 10029 6681 12679 13108 29609 7003 10663 10466 9138 11078 9881 8712 5105 7828 19388 9252 6015 . . . . . . . . . . 7206 10657 8089 9354 8499 6666 8655 6937 12046 6948 8025 10526 8788 8984 14795 9957 8594 6884 6801 10018 . . . . . . . . . . 7051 5957 7406 6794 14256 7238 8067 11463 11992 9288 12386 8190 8838 8179 9618 6144 10192 18715 8969 11046 . . . . . . . . . . 7595 10561 7836 10172 8965 8357 14230 5169 7674 15006 7673 17010 10189 12310 7797 7528 6248 6295 7858 7430 . . . . . . . . . .

 . 24 12 26 . . . 51 . 33 18 . . 55 31 . 46 . . 16 . . 42 . 41 11 . . . 21 57 3 14 9 4 . 2 5 22 50 . . 47 10 . . 56 . . 32 15 . 36 . . 34 . . . . . 8 39 13 . 53 . 60 43 . . 58 . . . 38 . . 40 48 37 . . 1 . . . . . 6 45 . 59 . . 52 44 20 30 . 27 . 29 25 17 35 . . 23 . 49 . 7 28 . 19 54 . . .
 61 19 . 17 . 48 58 . 56 . 10 . . 13 30 34 8 28 4 12 29 . . 31 76 36 70 35 . 20 33 66 57 . 46 . 44 42 . . 11 . 9 43 . 49 . 14 26 79 . 3 . . 59 1 55 . 22 62 . 32 69 . . . . . 78 51 2 67 24 . 37 68 60 75 72 71 23 53 64 25 5 54 39 41 52 27 . . . 77 . . 16 6 . 38 7 18 74 15 . 65 . . 21 45 . . 47 . 63 50 40 80 . 73
 -50 -28 . 50 . -50 -34 . 50 . 50 . . -50 -43 12 -31 -23 48 24 50 . . 18 48 46 -48 48 . 24 -50 23 9 . 27 . 45 43 . . -21 . 35 42 . 26 . -22 -50 28 . -42 . . -43 50 -50 . 48 -47 . -50 -50 . . . . . 21 -50 41 15 20 . 44 7 31 -50 -32 26 24 -41 28 -25 47 -50 -33 -50 -50 24 . . . -34 . . -14 14 . 22 50 8 12 50 . 11 . . 27 50 . . -50 . -40 -47 26 -23 . 41
 0 0 . 1 . 0 0 . 1 . 1 . . 0 0 1 0 0 1 1 1 . . 1 1 1 0 1 . 1 0 1 1 . 1 . 1 1 . . 0 . 1 1 . 1 . 0 0 1 . 0 . . 0 1 0 . 1 0 . 1 1 . . . . . 0 1 0 0 0 . 0 0 0 1 1 0 0 1 0 1 0 1 1 1 1 0 . . . 1 . . 1 0 . 0 0 0 0 0 . 0 . . 0 0 . . 1 . 1 1 0 1 . 0
 9957 9881 . 9138 . 7206 8499 . 6666 . 7828 . . 9252 8712 8025 10466 14795 8655 6015 10657 . . 8089 7192 12679 8984 12046 . 19388 5105 10663 7003 . 11078 . 6681 8804 . . 6937 . 13108 8270 . 9354 . 10526 10018 10029 . 8594 . . 6884 29609 6801 . 6948 8788 . 12386 14256 . . . . . 11463 8965 15006 5957 10172 . 12310 8190 7797 7673 8969 18715 6794 7836 7674 6144 8357 6248 7595 7430 6295 7406 . . . 7858 . . 9618 8838 . 10189 11992 14230 7051 7238 . 8067 . . 9288 17010 . . 11046 . 7528 8179 10192 10561 . 5169
100w 50w  .50w  .50r 50r  .100r  .100w  . .100w 50w 50w 50w 50w 100r 100w 50r  . .50r 50r 100r 50w 100r  .100w 100w 100r 100r  .50w  .50r 50r  . .100r  .100r 50r  .50r  .50w 100w 50r  .100w  . .100w 100r 100w  .100r 50w  .50w 50r  . . . . .100r 50r 100r 50r 50r  .50w 50w 50w 50w 100w 100w 50r 50r 100r 100w 100r 100w 50r 100w 100w 50r  . . .100w  . .50w 50w  .50w 100r 100r 50r 100r  .100r  . .100r 50w  . .100w  .100w 50w 100w 50r  .100r 

07.05.2018 13:23:23  19 20 1
 53 58 41 17 28 30 13 10 47 5 46 2 11 32 56 14 3 34 26 24 4 55 31 18 21 50 16 36 51 9 . . . . . . . . . . . . . . . . . . . . . . . . . . . . . . 42 15 57 59 22 12 43 29 33 6 37 39 25 44 35 27 23 8 38 49 20 19 48 1 45 40 7 54 52 60 . . . . . . . . . . . . . . . . . . . . . . . . . . . . . .
 51 79 15 18 35 73 22 45 62 61 16 54 59 52 71 47 77 29 74 44 . . . . . . . . . . 56 9 11 57 64 32 66 6 50 30 37 75 40 55 12 48 80 67 27 24 . . . . . . . . . . 5 1 69 7 2 34 17 46 38 60 33 10 63 13 72 41 39 53 49 23 . . . . . . . . . . 4 36 65 78 8 21 14 68 19 28 3 25 20 70 26 43 42 31 76 58 . . . . . . . . . .
 20 16 50 20 39 50 50 50 50 50 50 27 -10 -10 -11 35 12 27 43 -42 . . . . . . . . . . 12 11 10 20 15 50 37 50 17 50 -24 -13 -10 26 -14 -19 8 -48 -50 -38 . . . . . . . . . . 46 20 50 13 44 50 50 50 48 26 20 28 42 50 20 -41 48 -5 -17 16 . . . . . . . . . . 10 14 14 4 13 50 50 40 50 50 18 -15 14 -12 -14 17 -41 -50 -24 -30 . . . . . . . . . .
 1 1 1 1 1 1 1 1 1 1 1 1 0 0 0 1 1 1 1 0 . . . . . . . . . . 1 1 1 1 1 1 1 1 1 1 0 0 0 1 0 0 1 0 0 0 . . . . . . . . . . 0 0 0 0 0 0 0 0 0 0 0 0 0 0 0 1 0 1 1 0 . . . . . . . . . . 0 0 0 0 0 0 0 0 0 0 0 1 0 1 1 0 1 1 1 1 . . . . . . . . . .
 8436 9855 4787 9946 6252 9455 10063 6320 6035 4781 5542 11557 7038 8425 8183 9097 8764 9247 8051 7173 . . . . . . . . . . 7617 13380 6117 17344 8072 9070 8934 6845 18488 7834 6411 6562 11441 6911 7905 8175 8970 12306 9331 10385 . . . . . . . . . . 5789 16889 4460 10313 7932 21055 5087 5433 11161 6265 7685 7815 5991 6698 5487 13214 6644 5425 9708 12499 . . . . . . . . . . 6872 5254 4695 12763 12241 7026 6762 6230 7365 11916 10668 9104 12202 10223 7657 9014 9978 7310 5945 6494 . . . . . . . . . .

 . . 10 . . . . 51 32 . . 2 . 16 9 . 3 . . . 26 56 . . 46 24 . . 18 . . . 41 30 . 31 34 14 36 5 47 11 . 28 55 58 . . . . 13 53 50 . 21 . . 17 4 . . 44 23 . . . . 60 37 22 . 52 . 45 . 29 . . . 15 . . 39 . . 38 . 8 59 . 27 . . . . . 20 57 . 48 . . 1 25 40 35 . 33 . 12 42 54 43 . 6 . . 19 7 49
 . 30 45 . 40 48 64 . 52 56 32 54 . . . . 77 . 37 12 74 71 66 9 16 44 . 11 . 50 55 . 15 73 6 . 29 47 . 61 62 59 . 35 . 79 . . 57 75 22 51 . 24 . 80 27 18 . 67 36 13 39 43 . 68 . . 33 2 . . . . . 46 8 28 78 1 70 26 10 58 3 49 65 53 7 21 41 19 4 42 . 31 . 69 . . 76 20 . 63 . 72 14 38 . 34 5 . 17 . 60 25 . . . 23
 . 50 50 . -10 -19 15 . -10 12 50 27 . . . . 12 . -24 -14 43 -11 37 11 50 -42 . 10 . 17 26 . 50 50 50 . 27 35 . 50 50 -10 . 39 . 16 . . 20 -13 50 20 . -38 . 8 -50 20 . -48 14 50 48 17 . 40 . . 20 44 . . . . . 50 13 50 4 20 -12 -14 28 -30 18 -17 14 -5 13 50 -41 50 10 -41 . -50 . 50 . . -24 14 . 42 . 20 50 48 . 50 46 . 50 . 26 -15 . . . 16
 . 1 1 . 0 0 1 . 0 1 1 1 . . . . 1 . 0 0 1 0 1 1 1 0 . 1 . 1 1 . 1 1 1 . 1 1 . 1 1 0 . 1 . 1 . . 1 0 1 1 . 0 . 1 0 1 . 0 0 0 0 0 . 0 . . 0 0 . . . . . 0 0 0 0 0 1 1 0 1 0 1 0 1 0 0 1 0 0 1 . 1 . 0 . . 1 0 . 0 . 0 0 0 . 0 0 . 0 . 0 1 . . . 0
 . 7834 6320 . 11441 8175 8072 . 8425 7617 9070 11557 . . . . 8764 . 6411 7905 8051 8183 8934 13380 5542 7173 . 6117 . 18488 6911 . 4787 9455 6845 . 9247 9097 . 4781 6035 7038 . 6252 . 9855 . . 17344 6562 10063 8436 . 10385 . 8970 9331 9946 . 12306 5254 6698 6644 9014 . 6230 . . 7685 7932 . . . . . 5433 12241 11916 12763 16889 10223 7657 7815 6494 10668 9708 4695 5425 10313 7026 13214 7365 6872 9978 . 7310 . 4460 . . 5945 12202 . 5991 . 5487 6762 11161 . 21055 5789 . 5087 . 6265 9104 . . . 12499
 .100r 100r  .50w 100w 50r  .50w 50r 100r 50w  . . . .100w  .50w 50w 100w 50w 100r 50r 50w 100w  .50r  .100r 50w  .50r 100r 100r  .100w 100w  .100r 100r 50w  .50r  .50r  . .50r 50w 100r 50r  .100w  .100w 100w 50r  .100w 50r 50w 100w 100w  .100r  . .50w 50r  . . . . .100r 50r 100r 50r 50r 50w 50w 50w 100w 50w 100w 50r 100w 50r 100r 100w 100r 50r 100w  .100w  .50r  . .100w 50w  .50w  .50w 100r 100r  .100r 50r  .100r  .100r 50w  . . .100w 

07.05.2018 13:43:14  24 23 1
 60 53 7 57 47 56 41 28 30 17 46 55 13 10 32 5 50 11 2 34 26 14 58 3 24 31 4 51 21 18 . . . . . . . . . . . . . . . . . . . . . . . . . . . . . . 36 42 16 59 54 43 9 15 37 22 33 12 29 39 44 6 38 25 35 48 27 23 49 8 45 20 19 40 52 1 . . . . . . . . . . . . . . . . . . . . . . . . . . . . . .
 52 13 41 48 29 31 44 58 56 75 18 57 22 2 17 38 19 61 60 10 . . . . . . . . . . 59 74 47 39 67 27 24 51 65 4 1 66 72 32 46 62 71 28 25 3 . . . . . . . . . . 55 26 43 42 80 53 23 73 9 15 64 7 8 68 14 6 37 33 40 63 . . . . . . . . . . 77 12 78 76 79 49 69 36 5 11 35 34 21 45 70 50 30 16 54 20 . . . . . . . . . .
 -37 40 -44 43 -23 -50 -48 8 -18 -39 46 16 30 -32 34 -23 28 50 42 50 . . . . . . . . . . -19 -16 23 -24 19 50 -49 50 -50 -49 32 -33 48 45 31 11 26 16 20 50 . . . . . . . . . . -18 13 -20 17 50 39 42 31 -39 -45 39 -36 -41 24 -34 31 26 35 10 -33 . . . . . . . . . . 45 -46 31 -37 -20 -40 -43 -50 -49 -50 34 -25 48 17 23 -28 8 19 33 22 . . . . . . . . . .
 0 1 0 1 0 0 0 1 0 0 1 1 1 0 1 0 1 1 1 1 . . . . . . . . . . 0 0 1 0 1 1 0 1 0 0 1 0 1 1 1 1 1 1 1 1 . . . . . . . . . . 1 0 1 0 0 0 0 0 1 1 0 1 1 0 1 0 0 0 0 1 . . . . . . . . . . 0 1 0 1 1 1 1 1 1 1 0 1 0 0 0 1 0 0 0 0 . . . . . . . . . .
 4565 9351 6900 4273 9763 4987 5382 8854 8578 4069 14073 5208 17243 13646 11951 23053 9791 8610 5604 4681 . . . . . . . . . . 7089 4834 11559 7021 5977 11409 10184 4172 6242 11072 19434 5733 7590 6772 6875 8820 6389 13980 15122 9120 . . . . . . . . . . 8323 10295 6979 8378 6643 7090 13508 3350 20838 8773 7440 9782 7024 6892 24345 11416 9304 7890 9460 6995 . . . . . . . . . . 3783 9331 6255 8671 4216 9641 6249 8142 8555 11884 8670 10534 8040 8245 11199 9258 20357 26829 6920 7771 . . . . . . . . . .

 24 . 26 57 . . . . . 28 . . . 21 10 . . 55 . 4 18 . 50 . . 2 . 32 . . 46 34 . . 3 . . . 7 . 56 11 . 5 58 17 51 30 13 14 47 . 53 . . . 41 60 31 . 22 . . . 23 48 19 39 38 . . . . . 33 54 1 . 52 . 15 45 . . . 42 . . 12 . . 35 . 25 59 . 6 . . . . . 27 16 . . 49 . . 8 29 44 37 20 . 43 . 36 9 40
 . 28 . 48 3 25 4 . 72 58 62 . 67 . 2 27 59 57 . . . 46 19 1 . 60 24 17 . 74 18 10 65 47 . 32 . 51 41 . 31 61 . 38 . 75 . 56 22 . 29 . 13 66 39 71 44 52 . . 15 34 . . . 63 . 68 37 50 12 . 36 . 64 80 . . . . 73 . 11 79 20 26 76 45 7 70 35 40 30 33 42 78 6 49 5 77 . 16 . 43 . 54 . . 21 . 8 14 9 . 69 53 . 55 23 .
 . 16 . 43 50 20 -49 . 48 8 11 . 19 . -32 50 -19 16 . . . 31 28 32 . 42 -49 34 . -16 46 50 -50 23 . 45 . 50 -44 . -50 50 . -23 . -39 . -18 30 . -23 . 40 -33 -24 26 -48 -37 . . -45 -25 . . . -33 . 24 26 -28 -46 . -50 . 39 50 . . . . 31 . -50 -20 22 13 -37 17 -36 23 34 10 8 35 17 31 31 -40 -49 45 . 19 . -20 . 33 . . 48 . -41 -34 -39 . -43 39 . -18 42 .
 . 1 . 1 1 1 0 . 1 1 1 . 1 . 0 1 0 1 . . . 1 1 1 . 1 0 1 . 0 1 1 0 1 . 1 . 1 0 . 0 1 . 0 . 0 . 0 1 . 0 . 1 0 0 1 0 0 . . 1 1 . . . 1 . 0 0 1 1 . 1 . 0 0 . . . . 0 . 1 1 0 0 1 0 1 0 0 0 0 0 0 0 0 1 1 0 . 0 . 1 . 0 . . 0 . 1 1 1 . 1 0 . 1 0 .
 . 13980 . 4273 9120 15122 11072 . 7590 8854 8820 . 5977 . 13646 11409 7089 5208 . . . 6875 9791 19434 . 5604 10184 11951 . 4834 14073 4681 6242 11559 . 6772 . 4172 6900 . 4987 8610 . 23053 . 4069 . 8578 17243 . 9763 . 9351 5733 7021 6389 5382 4565 . . 8773 10534 . . . 6995 . 6892 9304 9258 9331 . 8142 . 7440 6643 . . . . 3350 . 11884 4216 7771 10295 8671 8245 9782 11199 8670 9460 20357 7890 8378 6255 11416 9641 8555 3783 . 26829 . 6979 . 6920 . . 8040 . 7024 24345 20838 . 6249 7090 . 8323 13508 .
 .100w  .50r 100w 100w 100r  .50w 100r 100w  .50r  .50w 100r 50r 50w  . . .50w 100w 50w  .100w 100r 50w  .50r 50w 100w 100r 50r  .50w  .100r 50r  .100r 100w  .100w  .100r  .100r 50w  .50r  .50r 50w 50r 100w 100r 50r  . .100r 50w  . . .100w  .50w 100w 100w 50r  .100r  .50w 50r  . . . .100r  .100r 50r 100w 50r 50r 50w 50w 50w 50w 100w 100w 100w 50r 50r 100w 100r 100r 50r  .100w  .50r  .100w  . .50w  .50w 50w 100r  .100r 100r  .50r 100r  .

08.05.2018 12:59:47  30 21 1
 9 15 51 22 33 12 37 29 43 6 39 35 25 60 38 23 27 8 44 19 20 48 59 45 1 40 7 49 54 52 . . . . . . . . . . . . . . . . . . . . . . . . . . . . . . 58 53 47 17 28 30 41 13 10 5 32 57 11 2 34 14 46 3 26 24 31 4 56 18 21 36 50 16 55 42 . . . . . . . . . . . . . . . . . . . . . . . . . . . . . .
 52 13 41 39 29 31 44 65 73 4 1 57 22 2 17 38 19 28 40 54 . . . . . . . . . . 77 78 47 67 80 27 23 51 79 15 18 7 21 68 14 72 37 60 25 3 . . . . . . . . . . 55 26 43 42 75 69 24 36 9 11 66 71 8 45 70 6 30 16 63 59 . . . . . . . . . . 74 12 48 76 53 49 58 56 5 64 35 34 32 46 62 50 61 33 10 20 . . . . . . . . . .
 37 15 23 -14 42 35 39 48 50 50 19 29 12 -11 20 40 15 -42 16 20 . . . . . . . . . . -13 18 -14 -18 -20 44 38 50 44 50 -13 7 19 -29 -17 -50 -40 -46 -50 50 . . . . . . . . . . 39 49 17 -20 11 48 50 47 50 50 26 -16 38 34 28 50 -18 -44 22 -30 . . . . . . . . . . 28 -13 -15 19 38 50 50 48 40 50 11 17 -10 8 -11 -50 -41 -38 -50 -50 . . . . . . . . . .
 1 1 1 0 1 1 1 1 1 1 1 1 1 0 1 1 1 0 1 1 . . . . . . . . . . 0 1 0 0 0 1 1 1 1 1 0 1 1 0 0 0 0 0 0 1 . . . . . . . . . . 0 0 0 1 0 0 0 0 0 0 0 1 0 0 0 0 1 1 0 1 . . . . . . . . . . 0 1 1 0 0 0 0 0 0 0 0 0 1 0 1 1 1 1 1 1 . . . . . . . . . .
 5251 9249 6341 10607 5639 5657 5782 5074 6763 11781 13009 6755 5878 7370 8120 10213 12877 8193 9282 11613 . . . . . . . . . . 7806 5562 5606 5334 6062 8308 8793 6603 7684 5104 9898 8228 9206 9608 9811 7097 10198 7469 10918 10029 . . . . . . . . . . 5965 15606 8292 7390 7748 5237 6489 8942 12388 10240 3712 6144 18389 6358 5330 9457 8277 10956 8910 6551 . . . . . . . . . . 6827 10094 8182 5605 11504 5408 5949 5018 6515 48207 14645 9089 9334 12312 8751 6842 7758 8572 12170 6398 . . . . . . . . . .

 . . . 45 51 . 12 . . 8 23 59 . 6 43 25 33 15 48 49 . . 9 . . 37 . 40 . 22 1 20 . . . . . 29 . . . . 60 54 . 35 . . 7 52 27 . . 44 . 38 . . 19 39 . 14 . . . . . 31 47 . . 56 . . 11 34 18 36 10 30 . . 58 41 . 16 5 . . 24 4 . 2 50 46 . . . . . 28 32 42 . . 55 13 21 . . . 53 . 57 . . 26 . 3 17
 47 79 68 . 41 51 31 . . 28 38 . . 4 73 22 29 13 . . 7 . 52 67 37 44 . . 25 39 . . 60 3 . 15 21 65 72 . 80 27 2 . 77 57 . . . . 19 18 14 40 23 17 . 78 54 1 48 6 49 33 74 5 20 . 43 . 10 . . . 8 70 . . 9 69 32 58 55 24 . . 11 34 . 59 . 50 45 . 30 . 12 . 56 . 75 66 . . . . 36 . 53 64 61 26 76 71 46 62 63 35 16 42
 -14 44 -29 . 23 50 35 . . -42 40 . . 50 50 12 42 15 . . 7 . 37 -18 -40 39 . . -50 -14 . . -46 50 . 50 19 48 -50 . -20 44 -11 . -13 29 . . . . 15 -13 -17 16 38 20 . 18 20 19 -15 50 50 -38 28 40 -50 . 17 . -50 . . . 38 28 . . 50 48 -10 50 39 50 . . 50 17 . -30 . -50 34 . -18 . -13 . 48 . 11 26 . . . . 47 . 38 50 -41 49 19 -16 8 -11 22 11 -44 -20
 0 1 0 . 1 1 1 . . 0 1 . . 1 1 1 1 1 . . 1 . 1 0 0 1 . . 0 0 . . 0 1 . 1 1 1 0 . 0 1 0 . 0 1 . . . . 1 0 0 1 1 1 . 1 1 1 1 0 0 1 0 0 1 . 0 . 1 . . . 0 0 . . 0 0 1 0 0 0 . . 0 0 . 1 . 1 0 . 1 . 1 . 0 . 0 0 . . . . 0 . 0 0 1 0 0 1 0 1 0 0 1 1
 5606 7684 9608 . 6341 6603 5657 . . 8193 10213 . . 11781 6763 5878 5639 9249 . . 8228 . 5251 5334 10198 5782 . . 10918 10607 . . 7469 10029 . 5104 9206 5074 7097 . 6062 8308 7370 . 7806 6755 . . . . 12877 9898 9811 9282 8793 8120 . 5562 11613 13009 8182 9457 5408 8572 6827 6515 6398 . 8292 . 12170 . . . 18389 5330 . . 12388 5237 9334 5949 5965 6489 . . 10240 9089 . 6551 . 6842 6358 . 8277 . 10094 . 5018 . 7748 3712 . . . . 8942 . 11504 48207 7758 15606 5605 6144 12312 8751 8910 14645 10956 7390
50r 100r 50w  .50r 100r 100r  . .100w 100w  . .100r 100r 50w 50r 50r  . .50w  .50r 50r 100w 100r  . .100w 50r  . .100w 100w  .100r 50w 100r 100w  .50r 100r 50w  .50r 50w  . . . .100w 50w 50w 100w 100r 50w  .50r 100w 50w 50r 100w 100r 100w 50r 100r 100w  .50r  .100w  . . .50w 50w  . .100r 100r 50w 100r 50r 100r  . .100r 50w  .100w  .100w 50w  .100w  .50r  .100r  .50r 50w  . . . .100r  .50r 100r 100w 50r 50r 50w 50w 50w 100w 50w 100w 50r 

08.05.2018 14:48:40  36 22 1
 33 29 12 37 43 6 39 25 35 60 23 27 38 44 8 19 20 54 48 40 45 1 49 7 52 59 53 58 28 17 . . . . . . . . . . . . . . . . . . . . . . . . . . . . . . 30 47 41 13 10 32 5 34 11 56 2 14 26 24 3 46 31 4 18 21 57 36 16 55 42 50 15 9 51 22 . . . . . . . . . . . . . . . . . . . . . . . . . . . . . .
 25 63 72 47 78 39 29 49 23 69 9 15 75 7 8 32 14 6 37 28 . . . . . . . . . . 10 20 55 41 43 42 53 27 24 56 5 11 57 64 2 45 68 50 61 16 . . . . . . . . . . 3 52 77 12 48 67 80 79 58 36 65 1 66 70 34 17 71 19 30 33 . . . . . . . . . . 54 59 13 26 74 76 31 44 51 73 4 18 35 22 21 46 38 62 60 40 . . . . . . . . . .
 50 33 50 50 -22 50 19 50 50 50 50 50 50 -50 50 50 50 -50 50 50 . . . . . . . . . . -28 18 -50 19 -31 50 -35 26 37 -20 32 32 20 25 50 -50 -29 -20 -29 -41 . . . . . . . . . . 50 28 37 50 -50 50 29 22 21 50 50 50 18 -16 -22 -12 -27 50 -31 50 . . . . . . . . . . -50 20 42 23 -17 -50 50 12 33 31 -32 39 50 -50 50 -25 -19 32 -21 32 . . . . . . . . . .
 1 1 1 1 0 1 1 1 1 1 1 1 1 0 1 1 1 0 1 1 . . . . . . . . . . 0 1 0 1 0 1 0 1 1 0 1 1 1 1 1 0 0 0 0 0 . . . . . . . . . . 0 0 0 0 1 0 0 0 0 0 0 0 0 1 1 1 1 0 1 0 . . . . . . . . . . 1 0 0 0 1 1 0 0 0 0 1 0 0 1 0 1 1 0 1 0 . . . . . . . . . .
 5504 6995 5169 6242 6998 5520 8152 11063 8161 6426 8915 7364 5756 10545 5818 5535 7487 10705 8394 8148 . . . . . . . . . . 9775 8009 4283 8734 9920 6768 6642 9735 5988 5288 8091 8243 9208 5379 10083 11570 6896 10813 4000 6812 . . . . . . . . . . 7721 4866 5652 12595 16067 4868 7159 4920 6934 3855 4950 10763 7013 7030 7433 6819 5900 10823 5593 6883 . . . . . . . . . . 6507 8166 6333 6283 4993 7233 6144 7208 8913 4720 14576 6654 6356 9944 7518 4788 4160 6720 4420 6713 . . . . . . . . . .

 12 7 . 6 . . 54 . 19 49 60 35 . 29 43 38 1 58 . 33 . 39 . . . 59 37 . 45 52 . . . . 25 . . . . . 44 28 27 . . . 53 17 20 . . 48 8 . . 40 23 . . . . . . 57 41 . . . 16 . . 55 26 3 50 11 32 . 30 . 5 . 9 56 . 36 21 . . 15 24 31 . . . . . 10 2 22 . . 51 34 42 . . 47 . . 14 . . 18 . 4 13 . . 46
 72 . . 39 27 . 6 . 32 . 69 23 11 63 78 75 . . 68 25 . 29 41 16 50 . 47 61 . . . 45 56 57 49 . . . 43 42 7 . 15 10 2 5 . . 14 . . 37 8 53 64 28 9 20 24 55 62 . 54 . 77 60 . . . 35 . . 66 34 . 58 67 31 3 18 80 . . 36 46 . 33 . . . 70 71 . 59 44 . . 48 65 . 73 38 . 79 . 74 22 52 21 26 1 4 40 30 51 19 12 76 13 17
 50 . . 50 26 . -50 . 50 . 50 50 32 33 -22 50 . . -29 50 . 19 19 -41 -20 . 50 -29 . . . -50 -20 20 50 . . . -31 50 -50 . 50 -28 50 32 . . 50 . . 50 50 -35 25 50 50 18 37 -50 32 . -50 . 37 -21 . . . 50 . . 18 -22 . 21 50 50 50 39 29 . . 50 -25 . 50 . . . -16 -27 . 20 12 . . -50 50 . 31 -19 . 22 . -17 -50 28 50 23 50 -32 32 -31 33 50 50 -50 42 -12
 1 . . 1 1 . 0 . 1 . 1 1 1 1 0 1 . . 0 1 . 1 1 0 0 . 1 0 . . . 0 0 1 1 . . . 0 1 0 . 1 0 1 1 . . 1 . . 1 1 0 1 1 1 1 1 0 0 . 1 . 0 1 . . . 0 . . 0 1 . 0 0 0 0 0 0 . . 0 1 . 0 . . . 1 1 . 0 0 . . 1 0 . 0 1 . 0 . 1 1 0 0 0 0 1 0 1 0 0 0 1 0 1
 5169 . . 5520 9735 . 10705 . 5535 . 6426 8161 8243 6995 6998 5756 . . 6896 5504 . 8152 8734 6812 10813 . 6242 4000 . . . 11570 5288 9208 11063 . . . 9920 6768 10545 . 7364 9775 10083 8091 . . 7487 . . 8394 5818 6642 5379 8148 8915 8009 5988 4283 6720 . 6507 . 5652 4420 . . . 6356 . . 7013 7433 . 6934 4868 6144 7721 6654 7159 . . 3855 4788 . 6883 . . . 7030 5900 . 8166 7208 . . 16067 4950 . 4720 4160 . 4920 . 4993 9944 4866 7518 6283 10763 14576 6713 5593 8913 10823 12595 7233 6333 6819
50r  . .100r 100r  .100w  .100w  .100r 100r 50w 50r 50r 50w  . .100w 50r  .100r 50r 100w 100w  .50r 100w  . . .100w 100r 50w 100r  . . .50r 100r 50w  .50w 50r 50w 50w  . .100w  . .100w 50w 100r 50w 100w 50w 50r 100r 50r 100w  .50r  .50r 100w  . . .50w  . .50w 50w  .100r 100r 100r 50r 50w 100r  . .100r 100w  .100w  . . .50w 100w  .50r 100r  . .50r 50w  .100r 100w  .100r  .50r 50w 50r 50w 50r 50w 50w 100w 100w 100r 100w 50r 100r 50r 100w 

07.05.2018 10:04:35  4 20 1
 33 12 29 37 43 6 39 25 35 27 23 38 60 44 8 19 20 54 48 40 1 45 49 7 52 59 53 58 17 28 . . . . . . . . . . . . . . . . . . . . . . . . . . . . . . 30 47 32 13 10 5 41 34 11 2 26 14 56 24 3 46 31 4 18 21 57 36 16 55 42 50 15 9 51 22 . . . . . . . . . . . . . . . . . . . . . . . . . . . . . .
 30 62 60 40 13 26 41 39 74 53 49 51 15 1 75 65 2 17 45 19 . . . . . . . . . . 28 25 3 61 71 72 48 77 76 67 58 36 4 18 57 22 73 66 46 38 . . . . . . . . . . 16 33 54 52 55 63 43 29 27 23 44 9 56 79 7 8 34 14 6 68 . . . . . . . . . . 37 10 20 59 12 47 78 42 31 24 80 5 11 69 35 21 32 64 70 50 . . . . . . . . . .
 -3 -4 -19 1 16 11 6 5 11 -10 -18 9 28 27 -24 7 -14 -19 -12 -14 . . . . . . . . . . 1 1 -21 8 11 -8 8 14 18 -5 -9 11 24 -19 8 12 6 -2 -13 -7 . . . . . . . . . . -18 4 10 5 9 15 8 19 18 17 -17 -20 9 -17 -10 13 -6 -20 -11 -12 . . . . . . . . . . 15 16 -18 -6 16 -8 -21 23 -12 -15 -26 -1 12 -8 -3 -6 -18 7 -12 9 . . . . . . . . . .
 0 0 0 1 1 1 1 1 1 0 0 1 1 1 0 1 0 0 0 0 . . . . . . . . . . 1 1 0 1 1 0 1 1 1 0 0 1 1 0 1 1 1 0 0 0 . . . . . . . . . . 1 0 0 0 0 0 0 0 0 0 1 1 0 1 1 0 1 1 1 1 . . . . . . . . . . 0 0 1 1 0 1 1 0 1 1 1 1 0 1 1 1 1 0 1 0 . . . . . . . . . .
 7655 4867 2979 8724 10037 6528 6025 11503 4396 4451 9223 4550 9262 11360 7232 6208 13116 13330 5517 7499 . . . . . . . . . . 8648 6641 17362 6256 6076 4752 6929 4875 3625 6747 5391 6520 8589 11891 6479 7626 4281 7017 6838 5285 . . . . . . . . . . 9776 11334 7548 5246 2734 4127 8353 8647 5116 4731 6006 11063 5718 6572 17197 8198 10421 10755 10939 5382 . . . . . . . . . . 16605 10773 12254 6919 11945 8141 6880 11961 11574 7693 15318 9841 9675 8658 18247 7479 7927 5748 7341 4791 . . . . . . . . . .

 29 7 . 6 . . 54 19 . 49 27 35 60 12 43 . 45 58 33 . . 39 . . 59 . 37 . 1 52 . . . 25 . . . . . 44 . 17 38 . . . 53 28 20 . . 48 8 . . 40 23 . . . . . . 57 32 . . 16 . . . 56 55 3 11 50 5 . 30 . 41 . 9 2 . 36 21 . . 24 31 15 . . . . . 10 26 22 . . 51 34 42 . . 47 . . 14 . . 18 4 . 13 . 46 .
 60 . . 26 77 . 17 65 . . 53 74 15 62 13 36 . . 30 73 61 41 . 38 . 66 40 46 . . . 22 67 39 4 . . . 71 1 72 . 51 28 57 58 . . 2 . . 45 75 48 18 19 49 25 76 3 64 . 37 . 54 70 . . . 11 78 56 . 7 27 . 63 . 16 5 43 . . 23 21 . 68 . . 79 34 . . 10 42 . . 55 44 . 24 32 . 29 . 12 69 33 59 35 9 80 50 6 14 47 52 20 8 31
 -19 . . 11 14 . -19 7 . . -10 11 28 -4 16 11 . . -3 6 8 6 . -7 . -2 1 -13 . . . 12 -5 5 24 . . . 11 27 -8 . 9 1 8 -9 . . -14 . . -12 -24 8 -19 -14 -18 1 18 -21 7 . 15 . 10 -12 . . . 12 -21 9 . -10 18 . 15 . -18 -1 8 . . 17 -6 . -12 . . -17 -6 . . 16 23 . . 9 -17 . -15 -18 . 19 . 16 -8 4 -6 -3 -20 -26 9 -11 -20 -8 5 -18 13 -12
 0 . . 1 1 . 0 1 . . 0 1 1 0 1 1 . . 0 1 1 1 . 0 . 0 1 0 . . . 1 0 1 1 . . . 1 1 0 . 1 1 1 0 . . 0 . . 0 0 1 0 0 0 1 1 0 0 . 0 . 0 1 . . . 0 1 0 . 1 0 . 0 . 1 1 0 . . 0 1 . 1 . . 1 1 . . 0 0 . . 0 1 . 1 1 . 0 . 0 1 0 1 1 1 1 0 1 1 1 0 1 0 1
 2979 . . 6528 4875 . 13330 6208 . . 4451 4396 9262 4867 10037 6520 . . 7655 4281 6256 6025 . 5285 . 7017 8724 6838 . . . 7626 6747 11503 8589 . . . 6076 11360 4752 . 4550 8648 6479 5391 . . 13116 . . 5517 7232 6929 11891 7499 9223 6641 3625 17362 5748 . 16605 . 7548 7341 . . . 9675 6880 5718 . 17197 5116 . 4127 . 9776 9841 8353 . . 4731 7479 . 5382 . . 6572 10421 . . 10773 11961 . . 2734 6006 . 7693 7927 . 8647 . 11945 8658 11334 6919 18247 11063 15318 4791 10939 10755 8141 5246 12254 8198 11574
50r  . .100r 100r  .100w 100w  . .100r 100r 50w 50r 50r 50w  . .50r 100w 50r 100r  .100w  .100w 50r 100w  . . .100w 100r 100r 50w  . . .50r 50w 100r  .50w 50r 50w 50w  . .100w  . .100w 50w 100r 50w 100w 50w 50r 100r 50r 100w  .50r  .50r 100w  . . .50w 100r 50w  .50w 100r  .100r  .50r 50w 100r  . .100r 100w  .100w  . .50w 100w  . .50r 100r  . .50r 50w  .100r 100w  .100r  .50r 50w 50r 50r 50w 50w 50w 100w 100w 100w 100r 50r 50r 100w 100r 

07.05.2018 11:23:18  8 20 1
 49 23 27 45 8 19 20 40 54 52 1 60 7 53 47 58 41 46 30 17 28 57 13 56 10 32 5 34 11 2 . . . . . . . . . . . . . . . . . . . . . . . . . . . . . . 50 14 26 51 3 24 31 4 36 18 21 42 16 55 59 43 15 9 39 37 22 33 12 29 44 38 6 35 25 48 . . . . . . . . . . . . . . . . . . . . . . . . . . . . . .
 55 12 76 67 79 69 24 51 5 11 64 78 21 70 46 62 30 16 40 72 . . . . . . . . . . 13 26 43 42 53 75 44 36 73 1 35 34 2 17 71 19 37 33 10 20 . . . . . . . . . . 77 41 48 29 31 49 58 65 4 18 57 22 32 45 38 61 28 63 3 59 . . . . . . . . . . 74 47 39 80 27 23 56 9 15 66 7 8 68 14 6 50 60 25 54 52 . . . . . . . . . .
 50 50 24 50 50 -15 18 43 50 50 -50 45 11 -20 50 22 50 45 50 -50 . . . . . . . . . . 50 18 50 50 -27 6 50 -31 -21 12 41 -50 18 13 -24 -50 -39 17 9 25 . . . . . . . . . . 50 -46 30 50 50 -50 46 26 50 -50 33 -29 -50 -25 33 50 24 50 50 21 . . . . . . . . . . -50 -15 -50 -50 -30 50 -50 -8 -50 -50 50 -24 34 -50 14 37 37 25 9 15 . . . . . . . . . .
 1 1 1 1 1 0 1 1 1 1 0 1 1 0 1 1 1 1 1 0 . . . . . . . . . . 1 1 1 1 0 1 1 0 0 1 1 0 1 1 0 0 0 1 1 1 . . . . . . . . . . 0 1 0 0 0 1 0 0 0 1 0 1 1 1 0 0 0 0 0 0 . . . . . . . . . . 1 1 1 1 1 0 1 1 1 1 0 1 0 1 0 0 0 0 0 0 . . . . . . . . . .
